59795742.89230769
-193443620.10126582
306638534.34042555
63771829.84615385
90100178.33333333
44143717.54347826
126561525.05660377
-68163372.9090909
-445413939.31578946
204616772.08620688
-361999536.52238804
-56284105.69444445
-241505307.52307692
126025753.29166667
-170995961.41791046
-410398355.54901963
-199001724.6875
-71311332.56862745
174867527.39285713
89902587.54545455
-70624690.47540984
-35856590.03333333
-25365865.960784312
-134443080.73076922
-61475018.86486486
19314691.56756757
-11093758.098360656
-9333533.47826087
86612699.6103896
100969173.4
105710053.41666667
2464193.3333333335
99093451.25806452
159687485.8139535
-38271971.13636363
187125104.94936708
-74664388.265625
260908622.96052632
43930922.661290325
-240543633.75
65456493.1875
-168041650.47368422
79414714.82857142
-110868999.56451613
-161433697.94545454
171781039.2972973
56996432.13043478
-242643349.06451613
11928091.157894736
203668449.12857142
-107696613.78947368
-181768770.0909091
-55216866.458333336
277343676.2692308
-47460112.951612905
-106557479.37142856
243777534.18644068
105324920.54545455
185795621.38235295
-15953821.760869564
8037327.238095238
94528078.0212766
-99047446.21052632
-58401681.14492754
189667585.859375
-43996506.051948056
95311303.83333333
164602792.44444445
156371495.0612245
159137625.0526316
-220405473.10714287
-148876738.85365853
56314334.62903226
127882398.8
133238776.39622642
162060550.94444445
64436744.11111111
-82902527.26865672
40837886.40789474
-170305190.2826087
106614912.40506329
59657600.6875
-63254988.896103896
148624029.48
86098824.49367088
-67938249.02941176
