14151,7336,18420,13414,11783,3031,9326,17777,18806,15570,5634,15945,9532,15117,13502.5,11888,17758,17510,7171,18493,11468.0,4443,16979,6435,11340.0,16245,11120,15905,14606,15949,14030.5,12112,9035.0,5958,3923.5,7039,6607,12863.5,19120,15283,12618,4218,16473,17999,8395,10871,8686,10108,12854,6300,5477,6065,7912.5,9760,18223,9583,14060,3890,12428,8110.5,3793,10614,13464.0,16314,16248,12605,12628,14916,13009
19336,5372,19653,12448,14635,18612,16037,6816,8870,12196,15427,17539,13090,8471,10497.5,12524,17519,17340,18915,5092,9345,18235,9992,11054,3922,12609,15596,4006,13143,19863,14842,14324,11374,9645
5745,5190,7554,3101,10245,12152,16588,8504,17525,17991,17392,8274,7273,9272.5,16940,7954,12797,10392,16702,5111,5938,16862,3442,5275,8102,8796,18007,17009,3242,17405,19923,19674,13423,13305,9320,11685,5044,11061,12012,15448,6068,15868,17397.5,18927,15383,11560,6929,15889,5332,19653,3646,3414,13219,14945,16549,7513,11677,11671
15667,7049,12238,14081,18131,13200,5640,16663,14625,4574,4698.5,4823,5952.5,7082,4175,5506,9429,11919,4093,19789,5991,5706,10657,13171,9275,18180
17785,16986,8370,14144,19472,18806,3129,3384.0,3639,13748,17668,13564,19090,19722,9395,12514,6702,18588,5115,10999,13654
18941,5090,18126,6350,14048,12754,12714,19483,6283,6462,19416,14720,18928,3678,10388,6315,11174,3066,15842,6583,5531,13005,12638,15779,14650,12594.5,10539,3615,5658.5,7702,14962,18586,12566.5,6547,4196.5,7987,13032,13877,9024,13341,11409,4421,8965
13068,10307,19986,19744,13356,9539,6210,15735,18598,19862,18326.5,16791,18040,14517.5,10995,16891,12878.0,8865,9131,4687,4019,8617,19711,3923,17606,4023,19046,15506,14741.0,13976,11835,14857,10614,9017,5096,7466
3756,9593,6794,16346,6398,16862,9812,7437,13468,13745,3136,10758,8988,18325,11207,3919,8455,16716,3465,15178,18579,12228,19967,14426,16689.5,18953,18762.0,18571,9951,15000,8632,10976.5,19731,8952,17652,13394,9335.0,5276,14732,4942,8016,5875,19463,18897,18816.5,18736,10032,11860,5117,8766,15858,13067,3076,6642.0,10208,14272,3180,7916,15824
11980,3651,12955,10309,12505,6768,4679,5929,17063,17987,11749,12986.5,14224,14398,4573,3917.5,3262,6771,4864,5111.0,5358,7457,12423,15134,16043.0,16952,3189,12937,9264,5221,4901,19521,18869,11917
19672,15684,9449,16110,14485,10933,13547,5537,18551,15460.0,12369,15851,13907,16173,4839,18009,16019,7612,11042.5,14473,10064,8737,10510,15215,12814,19473,9037,17163,10985.5,4808,18511,18274,11582,7029,8454.5,9880,6436.5,15587,12704,12229,19418,18121,7199,17063
13251,13664,11410,9790,5731,19340,6572,18148,15785,16383,5615,18596,5251,16330,17679,7016,18489,8440,6255,17341,7576,14471,8337.5,12616,14134.5,15653,13705.0,11757,11707,10913,10224,16556,13709,4672,19598,14537
19739,6283,17002,4228,8533,4571,9334,3169,5939,4695,4100,9790.0,15480,3849,9772,8089,7495,10758,11620,13290.0,14960,4193,10633.5,18843,3315,8729,11888,12761.5,13635,11510,15725,8316,7151,13759,12073,11611,12684,14374,17959,3925,18292,7502,8373,5420.5,19728,19253,10142,7034,6089,9188
5022,4990,17950,4913,14904,10559,17643,5102,19264,7783,15345,6049,17613,8879,3610,7834,13433.5,19033,10103,13483,16019,19680,6933,19074,12580,19252,4305,17397
10072,19123,8328,9507,4572,10411,12171,14752,11722,5691,12114,13697,11825,17757,4049,17473,15439.0,13405,7496,16600,8548,17054,18660,5532,10681,5505,8984,18476,16547,17784
13284,3877,8629,11733,4629,12792,10458,10243,13805,9003,18169,10344,14798,19864,17084,4376,11562,18867,16877,9069,6493,12030.0,17567,9378.5,5061,3496.0,6734,13257,14874.0,16491,15034.5,13578,13262,15279.0,17296,19142,6913,11718,13078,15298,5435,14990,13546,11011,14804.5,18598,8957,12187,11924,18671,14246,9191,9866,14143
4206,18582,3080,18989,14204,12680,16992,17116,10665,14923,15825.5,16728,15386,14345,5988,17632,8741,8355,15850,12803,13873
13527,18793,3632,6313,8492,11883,7534,4403,9349,13882,5481,3705,13276,19633,19275,15602,5158,16011,19194,15721,6730,16894,16385,18547,6277
15420,13341,18622,12578,14759,12134,8289,4497,6956,5824,11954,16259,7063,10933.5,14804,10291,9519,9105.0,8691,6682,3180,18654,17905,17841.5,17778,11784,10204,11577,10692,12158.0,13624,4089,16165,3501,3539,11816,5002,11430,5833,13630,11932,8235,10331,17822,11173,14691,17482,15922.0,14362,15482,12233.0,8984,12198,6128,8017,15745,11192
12600,6785,11072,19110,19757,11869,14027,7730,8978,7118,12931,3372.0,5322,15499,11934.0,8369,15002,17875,5170,10634,7035,11812,11820,8544,10061,9208,7818,19260,10718.5,11660,3518.5,4694,6110,6653,15607,3302,17521,10616,18260,6194,14629,15723.5,16818,8384,7690,7203,3509
17559,8712,10250,15066,12486,18494,8018,15749,3954,4484,6107,15727,10706,19360,17275,19339,15987,14156,4926,16685,6439,8578,17271,5458,15206,10671,7050.5,3430,3381,3830,5217,8719,4636,12948,13694
11415,3197,18324,6209,15960,15455,11786,13477,13628,4637,4311,16263,12209.5,8156,17269,15058,13486,3575,13080,13114.0,13148,7836,18788,9936.0,18281,19601,11434.5,3268,4157,15651,10506,12382,15431,12644,5004,19023
12529,6125,16382,18646,9229,11292,15667,16510,14286,9880,5545,3980.5,9549,7699,7654,16077,15637,13124,16081,3812,5467,13490,13493,8183.5,16173,7485,17632,3485,11827,10867,17744,10572,13989,9064,12000.0,14936,18946,18791,17397,15182,19525,16518,7147
19939,13934,5892,3133,13026,4790,11263,3624,6578,5989,16142,5985,12569,8140,14770,16855,3911,9048,7112,18784,14111,10560,11159,3717,13824,9173,13908,12987,15000,4826,13436,17320,14867,16232,7242,15590,12792,4321,10800,18442,12419,7644,16809,16275,19267,4786
13157,14327,9757,5183,6255,14818,14161,19307,6064,12206,10138,14508,9765,13466,7612,4408,12994,7371.0,6144,16046,13073,15514,12150,18920,8819,11756,19392,4999,8539,10144,5802,13847,15624.0,17401,11984.0,6567,3273,12162,4782,16760,13884,14987,17119,18006,12474,19823,15581.5,11340,16460,6502,12274,9206.0,6138,4104,10406,17466,19914,3591,13483,14781,18187,12945
16962,16220,7422,19484,16365,4154,10129,6189,19351,18919,6771,15411,12597,13640,9504,7564.5,5625,19426,16365,14041,10534,6101,15780,11654,11015.5,10377,11836.5,13296,10403,10110,7149,8198,6931.0,5664,3770.0,4746,17477,5344,12694,6275,14525,14673,12047,8125,9322,19399,13322,17436,7955,8033.0,8111,15220,5637,17110,9631.0,13409,9003.0,4597,3999,14961,12198,13253,8414,17781,12673
13944,7958,5045,4780,6068,10797,11003,6212,6220,5801,10968,9457,14373,15274,11504,12924,12657,10232.5,7808,14291,18040,14321,10848,8247.0,15483,4939,17728,16679,7536,13769,18240,15212,12386,8265,3376,4451,11136.5,17822,17675,14981,7145,17352,5455
8423,7163,5721,9062,17994,11885,19565,11461,13278,3261,19969,15683,5913,14385,16823,12118,10857,11749.0,12641,18407,15899,17455,12840,9065,7728,5982.0,4236,10704,15900,18321,19946,18520,19322,7875,10822,4815,18799,19150
11464,9558,9341,16631,11161,17918,3770,6822,12200,3838,16554,8536,6755,17666,4730,4963,3405,4169
7086,11305,9907,15206,11435,14521,16435,19845,6685,5735,18912,9934.5,7333,7420,18612,6449,11116,18389,13792,7301,10565,15474,13853,11937,14289.5,16642,4905,7069,7602,17707,14198,16761,8691,9348.5,10006,14167,5823,5035,5618,13693,6458,19377,7304,10059,7327,17092,20000,13711,19210
4688,4190,12171,6379,15542,19299,3437,7757,10385,16108,6187,5818,15217,12749,16867,15025,8352,10176,17078,3686,7513.0,11340,3816,17764,15838.5,13913,4814,19363,12390,18256,3962,9350.0,16775,7527,12056,6068,10612,16638,9318,8309,8243,11327
5095,11205,7600,19599,11451,19239,18565,12075,6609,9442,11204,17503,3663,14227,11436,5159,5603,15032,8769,9414,12477,6847,10858,3206,3414,10367,4195,5872,18837,9409,9502,10037,7161,13437.0,19713,18912,12636,16453,12899,8890,9255,8227,11976,11414,15533,8276,18006,9442.0,3895,14493,12074,10148.5,8223,11262,10660.0,10058,11945,16235,16588,11502
12916,8046,10082,17604,6920,11734,17616,12629,15864,16425,8156,3412,5244.5,7077,8008,8074.5,8141,9657,13966,12067,11257,7406,9752
3094,3773,17775,10451,19616,7132,5647,8737,19760,3147,4543,7182,12136,3622,16544,4021,6954,8832,15717,12374,11252,11226,10238,5444,16463,17245,7583,12131,5036,7283,10908,14716,13097.5,11479,6368,17967,15886,18873,19891,11719,19280,17773,13464,18773
4846,10685,19763,6125,19278,15111,5929,18772,15452,8699.0,6172,7862,4464,18642,8002,11042,9080.5,15869,11558,19006,4163,4978,18707,14795,11084,8584,12130.5,15677,8182,17641,7395,12956,10831.5,8707,3067,7198,14066,18081,13120,5262,7817.0,10372,17414,11154,5585,7620,5113,7708
19610,14603,18520,7874,10302,7664,5703,16706,11823,6698,4738,18996,12551,19023,19117
6595,5185,13865,15015,10176,4225,12709,9781,17769,8224,3251,17898,6226,19096,16118,14922,15166.0,15410,13372,15943,18864,9210,5753,16327,14714,7136,10822,8256,15588,8538,18885,18607,6654,4054,4200,14810,5250,7559,9407,7777,15633,10820,19421,17271,3248,7824,10301,15149,18733,19603,6012,15173,16116.5,17060,8272,15539,15167,19859,10052,7662
17259,15325,18233,12692,12650,16071,10663,8955,11235,19935,5766,3068,19512,4568,15925,15174,12028,12403,16402,3369,8957,10533,16412,19478,8524.0,15499,5570,3622,7848.5,14236,7174,15615,13245.0,10875,14335,19324,4383,18534,9982,9292,14966,12877,10951
4572,12242,15529,19026,12448,7452,3367,7126,11586,8168,13630,10764,8311,4307,8363,11724,18957,15207,8380,6626,8050,12242,5985,17975,11523.0,5071,10781,4516,16950,5582,7103,5269,9510,5362
7817,11916,8764,9661,19600,10327,9765,5991,10546,11637,7984,10216,8919,5631,3093.0,13285,15200.5,17116,4546,15936,5805,10067,4573,17833,16155,13889,3823,14146,13882,7676.5,15738,12723,14742,16414,5487,15967,15835,3320,17256,8157,11087,14545,7937,15340,8727,14277,19313,13850,11698,19628
14031,12819,4636,6210,4266,7430,10269,18230,8495,12745,16019.5,19294,10615,4540,15612,18742,19013,3573,17473,12075,6357,9550,11042.5,12535,15711,12138,16962,11693.5,6425,4341.0,7604,8334,13042,19802,15692,13422,15717,9283,5591.5,8738,11428,15480,10873,10712,5578,18660,18069.5,17479,4266,12561,17396,18774,17487,7436,9143,18279,12062,16358,15796,17424,10193
6528,10645,9759,11761,18165,4724,13381,11708,17349,10415,6130,6838,12795.5,18753,7682,17077,13625,10322.5,7020,11755,7619,10742,12685,19606,9700,14444,12459,10288,18111,18919,11946,15832,14280.5,12729,15430,6322,14656,17562,18747,11853,16426
17322,14318,16815,9007,5725,17089,9893,14602,4393,12825,9940,14032,11937,18779,14953,11362,7181,8175,13283,4873,9305,3361,5908.0,10093,12285.0,14477,9985,3597,5878,18393,18269,8114,14048,4533,9565.0,14597,10163,6967,5791.0,11293,12052,6643.5,11636,5468,8959,18545,19337,14865,14756,4651,4554,13429,4908,15113,14456,3694,7252,14797
3624,10771,12906,14709,17881,13183,14314,6497,17214,13790,16154,11441,12383,6217,19851,17631,8187,14574,19603,8207,5860
5494,3693,11496,3605,14331,18911,13677,17511,11485,13698,9927,16262,15664,11638,10171,6833,5347,19740
19929,3589,5646,7254,15218,3427,16719,19202,6034,11980,5598,17010,14123.0,11236,16611,3394,12422,18165,13898,9406,6027,15671,19352,3478,9438,5336,13308,11307,19253,15974.5,12696,11762.0,10828,18131,6257,4105.0,15347,8069,19747,4617,13090,12959,11371,6492.5,15165,13127,9216,10393,12166,14931,3283,5507.0,7731,10342,6195.5,16895,18569,16343,17835
15762,18700,9858,13966,11469,11150,17987,5128,16625,16976,18245,11663,14092.5,16522,12199,8248.5,4298,19445,14171,3666,7090,7481,7265.5,7050,19545,17669,18589.5,19510,16499,12512.5,8526,18314,9098,10793,9180,19486,15527,8835,6766,11198,17898,14541,11977,5766,5957,13603,10902,9388
16726,8224,15658,12684,6092,3946,19249,13456,4490,16722,12963,17710,6756,13883,15823,18939,6451,15088,16273,12485,5345,19160,17841,12936,11278.5,9621,16948,18144,5033,7361,14336,14726,12778
3948,14524,15396,7187,16300,15607,10790,17997,7899,3834,13262,11885,14052.5,16220,8037,6703,12852,15281,13040,10474.0,7908,19377,14941,18985,18430,5163,16586,8702,11414,3137.5,5383,3970,3080,12601
19842,11082,14829,8850,5362,17582,8622,3056,15881,3776,19115,7088,9007,19317,9740,11768,5664,14133,16955,19913,3374,16880,18953,11607,10234,4168,9046,6580.5,4115,11771,3584,5490,3693.5,6736.0,11575,3971,13148,13070.5,12993,8183,10706,8773,10695,13542,9363,6729,13862,14809,15645.5,16482,9202,16819,10872.0,4925,5210,5338,13816
15855,17914,18295,10024,4890,18900,19127,5931,19859,14210,5235,17586,17700,5171,7946,12357,15447,10858.5,6270,12018,13396,5654
15494,3461,6614,7002,3645,14332,9772,18103,17275,12774,8079,5623,19479,12262,10828,4249,13564,3980,10091.5,16203,19838,13284,3906,9866,19431,10180,13273
8295,5554,15819,16976,3565,11300,10386,18305,9022,4672,14907,3287,11720,12593,8670,11508,7421
13193,4539,9323,14367,3910,7321,14762,14369,11408,16109,11443,4239,19736,10291.5,9702,15136,18699,12323,17781,3069,9542,14864,4567,15012,17723,14417,4790,13308,15882,10228,9354,12497,3153,3045,19651,18343,7154,6942,6308,12355,10524,11375,10050,3381,12195,10234,12032,13064,4347,14266,15747,4286,3294,6520,7110.5,7701,5542.5,3384,6820,17547,9502,10615,14258,3351
14804,17908,16769,10928,18413,10204,17048,6110,15648,15627,18613,16611,16851,13574,7010,18168,9292,14462,16025,6733,4145,19300,3611,8729,6276,18989,13509,6531,14409,5855,8945
8009,10688,17790,17586,14524,13583,4654,9684,6536,6608,10693,6195.0,8610,3884,7325.5,13086,15058,7782,7772,16051,19528,6171,13351,17617,6546,3999,19465,11712,10590.5,9469,11058,12589,12367,3689,18172,15118,12143,13980,8229.0,10076,4637,4323,13227,10382,13806,13641,4192,13742,13447.5,13153,15257,13424,8904.5,16609,12164,10695,4137,5170.5,6204,5476,5120,14216,5567,4384,18850,4319,4749
14651,5270,19537,9044,4957,6175,13180,16112,3323,15888,9629,7335,7901,16364,3921,10593.5,17266,9322,8620,4452,9600,11689.5,13779,5362,18141,19587,15098.5,10610,9182,12766.0,16350,6925,18876,19426,19114,15637.0,12160,10695,11436,8017,12931.0,17845,6843,12125,7057,13389.5,19722,7275,16407,9585.0,11335,16925,15080,9142,7956,7165.5,6375,14285,19919,19269,6181,11231,16987,5141,11047,15810
4745,9863,6584,19215,5768,4723,4885,4903,18768,12346.5,5925,9525,16013,15636,14360.0,13084,4518,9766,14796,7780,18157,5387,6691,12479
14914,3032,15605,11549,9252,7313,11410,18125,9924,19776,12118.0,4460,9132,18948,5337,12779,9852,12932,18388,17553,18427,10726,5082,3386,13997,16818,10641,12221,7045.0,9988,4448,8895,7782.0,6669,11634,18929,3576,10038,14756,10368,15429,16891,8174,10341,18009,7356,6777,7571.0,12730,11289,14470,6915,6441,4520,14704,15447,5525,4806,14178,14481,3088,3486,6624,5381,7096
11802,14997,6907,15935,8059,6607,8920,9345,3047,10488,8662.0,6836,8190,19941,6324,7524.0,8724,5538,5308,17408,16586,6103,5542,9081,4782,3726,10851,4239,17406,4535,9816,10553,13271.0,15989,5359,9537,12205,7882,12937,4170,16042,5624,11839,8657,16401,19816,15589
14661,19476,10416,13147,19860,7765,17373,3998,19422,11640,5346,11176,11851,19583,3623,10075.0,16527,18359,18283.5,18208,19449,10381,3467,15894,15272,12746.0,10220,13797,17157,14499,16032,16734,10547,4253,3029,11725,14042,5885,18733,6078.5,11429,5740,15512,19552,17250.0,14948,6971,7397,6044,6532,13109,6967,7129,4203.5,10382.5,19487,7728,12523,6401.0,7736.5,15194,12509,14328,10690,10353,17171,4611
4443,10963,5450,16492,7731,14240,7244,11855,11171,3327,7497.0,14975,8067.0,8866.5,16574,12720,15126,7161,8541.5,9922,15656,12935.0,10214,8638,16699,8166,5975.5,3785,11168,17344,9569,19564
5007,7024,12552,6085,5258,18958,5347,19564,18850,6042,16250,18208,16407,14143,10340.5,6538,18200,17874,3497,11974,9999,8115,17607,8357,6292,4757,10542,13823,14865,14307
13600,11318,14069,8298,19420,17254,4503,3558,9762,7171.5,4581,19087,3400,4348.5,6970,5129,9537,15616,6652,3161,12300,7578,13868,14626,11157,19751,7847,13089,19091,15770,12077,8876,12375,3044,7813
11181,13228,19802,11718,5342,16436,15750,6675,8209,12504,14282,9796,5871.5,6060,4077,13100,3960,13655,12696,14528,8162,12318,17890,5348,15494,13765,19112,14859,13525,14669,12977.5,11286,13050.0,14814,17627,16063,6046,3730,10163,9242.0,8321,15824,8538,6282.5,4027,15626,6981,4588,12711,4022
4526,14199,16177,17482,19805,6331,9812,8737,3076,5101,3651.5,8922,7833,5299,4191,16966,12507,17913,14708,4630,10190,6830,9568,4139.5,7791,9281,16723,15188
11830,16101,9193,4439,18132,9641,8772,17490,16232,16500,13136,4101,17922,14411,4593,9199.5,16069,3209,9863.0,16517,8163,17898,8479,7809,5404.5,8227,11084,15115,17462,15034
4322,11413,19217,19987,6127,12943,10836,12558,9982,17011,18484.0,19957,13467,4660,4266,13817,11737,4623,19911,4998,16040,18033,4698,19500,6753.0,10697,19727,6592,15100,15759,13323,3487,11047,19246,12299,10928.5,9558,8722,6195,19539,16125.0,12711,12133,10501,13386,19338,14106,14020,4380,8837,13553,14280,17760,15657
17959,6173,7698,13101,6519,10488,9763,8969,6704,12630,13341,9300,16570,15376,17286,18516,14810,8999,12444,16742,11820,6092,7080.0,14094,4134,19605,14231,8361
10142,7907,3965,19867,19099,8692,8165,16327,10719,18128,4704,5426,4384,12752,11465,3556,4517,12438,15323.5,18209,19632,5319,11633,7506,8379,6611,17530,12315
3932,8603,19639,18990,14630,4460,5036,6029,10558,14744,10701,15560,15945,15047.0,14149,5320,19483,7150,5651,19177,14059,3546,11934,8140,4890,3618,5203,19415,3596,15464,15454,6285,8476,14987,16921.5,18856,5253,4160,17973,12255,17706
6960,14475,13481,13437,14948,18276,17037,6621,9238,18179,13831,17790,14074,4713,6020,16160,13990.5,11821,17384,13089,14423,17280,10353,14194.0,18035,14969,18251,19490,16601,13084,9577,5916,11902,5079,13697,13156,19885,6182,15793,8778
7540,6932,17504,10518,7657,18408,4331,13405,14456,16484,15944,9090,4004,16877,8985,7322,10796,16399,19684,15407,11305,14355,14669,18263,16190,16029,17740,7956,18685,16845,11712,8079,11591,19528,3246,4630,10015,15221,4761,5803,13082,10914,9336,15083,9584,8498.0,7412,17459,16098,11957,13644,18732,16829.0,14926,6347,3298,4739,6949,13608,8343
18568,10061,13302,4166,17395,17955,13843,15223,15201,3444,13619,12514.0,11409,8716,6263,9679,4622,3142,14372,3819,6611,18298,11965.0,5632,19899,10248,4244,3758,6548,4061,14988,11073,4357,3743,8968,17873,16560,18545,13809,5586,6208,8070,9670,15673
6818,16797,9017,11239,7223,18485,16766,11444,13828,5792,15413,15943,9948,13789,3857,6828,3801,10279,6522,9171,8850,12231,14724,18378,10324,7527,18006,11204,12492,12223,10055,11396,11467,4019,5413,15548,8655,9086.0,9517,19223,6254,3982,5810,4853.0,3896,9552.5,15209,4605,17055,9501,19811,16593.0,13375,8011,10185,5660,11808,12038
15311,7645,55num_to_string38,7419,19371,18680,13400,4379,17692,10895,17188,18286,14084,9735,7421,11364,8499,3803,7053,9655,13339,13281,13388,12882.5,12377,6172,14236,13506,19914,17442,12343.5,7245,18776,6789,9152,18114,7811,3577,3437,8543,11181,7476,7753,11275,11907,12995,17334,17804,6547,19840,18005,3136,3431,4994,18890
18277,19923,19337,10360,13610,13670,10239,3521,7607,14035,8855,7138,11830,17893,3175,14704,9233,11057,18803,9571.5,5521.0,10702,10457,9894,7641,16226,4619,10880.0,17141,11058,15621,11870,5897,11268,12674,12005,15970,10288,17316,9399,15850,3798
10838,15365,15647,14060,14744,10077,3571,13961,9909,14740,7866,9039,14779,18451,6192.5,11660,8312,7822,12151,3385,8787,10825,13379,16357,10321,11640,14990.0,18340,14814,14302,13076,3390,17661,11692,14529,15460
19142,18967,8247,15378,6822,3953,3201,7091,13468,4630,3218,19466,4166,10390,17141,11305,11412,8818,11201,19734,16329,19920,3170,13104,13003,13489,18413,16993.5,15574,6096,13404,12301,11700,16055,16845,12683,17084,7651,7434,11187.5,14941,17128,15305,12668.0,10031,3902,3774,5369.5,6965,10249,15640,12606,9254,8467,12420,12741,8841,5906,17125,10428.0,3731,8593,18880,19830,14383,7431.0,3960.0,7441,17773,19922
9870,3628,8803,18959,9141,18328,5007,15331,19532,7715,4902,16153,4207,19529,14791.5,10054,10577,16500,4641,9725,11915.0,14105,19214,16551,18636,17769,10293.0,11649,6075,8366,4429,16787,18868,14098,6204,16440,11515,18613,5975,3956,13265,5231,16476,9016,9436,19098
19930,12023,3525,13648,16956,9236,4165,13989,15301,9259,12493.5,15728,15357,9138.0,17117,5201,11996,3533,19164,16705,4737,15275,13523,16208,15048,17143,8781,6373,17310,5925,8011.0,10097,17000,17117,19619,4622
14611,10079,17457,8021,10967,16214,8197,16560,17208,17666,9588,6060,4033,14156,18584,14286,11002,14059.0,17116,15863,17447.0,19031,7158,7385,12769.5,18154,4331,11310,4378,8493,9650,5258,17508,7237,18703,16617,11756,7776,18692
14278,17617,16379,15701,13394,15095,18737,5835,6249,7859,17041,13222,11010,10260,7068,12826,15531,16501,15596,8433,12267,17598,17062,3832
7976,14628,10207,14040,19129,11773,5872.5,9949,3852,3871,7835,6960,13106,17162,16093,18202,9325,3214,10369.0,17524,15803,12807,14796,4301,7097,6194,9070,16259,15761,11673,10093,17841,14534,9295,13322,14371.5,15421,10565,19246,13147,17797
16194,10720,7895,9062,13875,16197,6921,12934,11730,11913.5,12097,17359,12109,14711,11196,11365.0,11534,5348,10649.0,15950,11448,18832,7720,19199,18445,4219.0,6865,6753,14040,12659,9888,10105.5,10323,15168,6720,14885,5008,12464.5,19921,8600,18993,16005,8815,5812
5242,7868,8143,6588,10141,18975,9365,17180,6479,14067,16257,11108.5,5960,7277,5606.0,3935,13616,12263.0,10910,18874,18553,7314,6601,7947,3475,18840,18103,12338.0,6573,17318,19880,18865
4549,6419,6401,19970,4837,3249,3786,10085,3257,7730.5,13513,4763,19929,18221,11210,19951,17989,11502,14830,12482
11014,11175,3364,8374,17704,9499,14353,3948,11395,3622,19476,15219,10372,4992,10104,9920,7453,5031,5889.5,6748,16355,16242,17909,11433,18361,18109,13145,4464,19261,6393,7736,14113,6683,11857,12942,17894,3043,12367
12438,13431,18789,8649,19398,15915,19013,15844,14328,6064,13576,12376,7573,12108,13094,12750.0,12406,9199,15983,7441,18444,15292,8570,3947,14637,5929,12417,15070,10854,7193,12121,14120,8308,16016,8860,5493,15960,4935,6426,19638,6149,14514,5719,11972,18548,7301,12683,19623,16562,11984.5,7407,6102,12261,13730,12942,4084,7846,7065,15381,7663,18475,16453
7144,14545,16510,8792,19796,7518,4748,19492,8747,10687,11104,15302,4582,12188,8947,9954,13806,19220,12153.0,5086,11449.0,17812,9497.5,16379,15149,18426,5924
15473,15825,18043,16535,3343,11767,5440,17309,7908,18391,7539,9534,15181,9940,11826.5,13713,12426,9682,5928,9911,6258
6623,10280,11549,19926,17517,3789,9462,4278,19661,13951,19805,4386,3412,8263,4812.0,8407,4394.0,4046,4381.0,4716,7157,13074,12582,5851
18786,17936,13967,8490,19634,3376,11001,9021,13348,15771,16879,16565.5,16252,5832,16534,17949,18430,5321,10748,14621,9233,12046,5821,8594,14294.0,19994,15443,4366,16340,5764,12760,6499,13720,19947,5262,10870,7409.0,3948,15526,11958,12560,17027,10985,13179,11802,12607,3510,18816,10951.0,3086,10999,16172,14826,13067.5,11309,15168,19240,18409,4840.0,7954,12813,3581,17837,7063,6941
5242,16112,18913,4484,10560,7350,11308,7953,4688,7423,18270,11849,18619,9719,18098,17592,4369,11431,8192,4570,16204,10367,17781,4117,10218,10553,5916,10463,7797.5,5132,5948,16591,19549,10558,16203
17342,15175,4274,19823,12127,8675,13432,9697,10398,13859.0,17320,17280,5539,13962,8883.0,3804,11921,3417,9559,6828.0,4097,11688,9416.5,7145,11087,15350.0,19613,16165.0,12717,17158,17704,7079,16541,12041,15908,13782,13962,18489,5282,13696,7375,5397.5,3420,17878,14365,12678,19566,18616,12645.5,6675,4398,3631,18849,17373,15521,14491,10617,9011.0,7405,6067,12626,15103,16374
7349,19359,12578,13998,13309,6981,14843,18569,17517,11201,17986,11834.0,5682,10766,19623,8427,10201.0,11975,17688,13843,7419,12891,9769,16875,9489,9757,10667,17877,12168,11262,10516,16062,10296.5,4531,17589,19619,18995.0,18371,7014,3553,16135,3947,19929
18307,14996,16449,3423,18807,10273,14259,14882,7758,19777,9049,19290,19396.0,19502,12665,3321,13522,10910,9302
4541,13999,8307,18813,3053,8028,6027,6270,3499,11256,19401,4512,6473.5,8435,19504,3427,5560.0,7693,8775.0,17463,12042,14518,11715.0,8912,10546,8827,14862,13537,10022,13673,9784,14200.5,18617,8355,4323,4563,19364,13391,5204,7715,19082,16224,11348,3613.5,4202,9134,14181,4874
